DRIVER
  os.environ['SMA_TSO_COSMOS_ELEMAT'] = '1'
  driver.registerSaveRule( UpdateRules.COPY, CheckPoints.ITER_COMPLETE, EventTimes.LAST, [ '*.ste*' ], 'SAVE.ste', '' )
  driver.registerSaveRule( UpdateRules.COPY, CheckPoints.ITER_COMPLETE, EventTimes.LAST, [ '*.lcd*' ], 'SAVE.ste', '' )
  driver.registerSaveRule( UpdateRules.COPY, CheckPoints.ITER_COMPLETE, EventTimes.LAST, [ '*.lcm*' ], 'SAVE.ste', '' )
END_

FEM_INPUT
  ID_NAME = bracket-Topology_Study_2_1
  FILE = bracket-Topology Study 2.NOD
END_

*SET_DB,rint,130,1

GROUP_DEF
  ID_NAME = FROZEN_AREA_ELEMS_GRP_1
  TYPE=ELEM
  FORMAT=LIST
  LIST_BEGIN
15,98,198,204,209,216,232,248,306,339,353,371,428,666,667,706,765,793,827,852,882,899,950,
968,976,998,1083,1168,1175,1184,1270,1274,1364,1432,1438,1672,1676,1683,1769,1864,1909,1922,
1964,2238,2257,2259,2330,2348,2443,2506,2761,2808,2936,2942,3011,3146,3217,3225,3232,3240,
3274,3275,3289,3311,3507,3579,3626,3666,3675,3820,3907,3911,3966,3972,4013,4166,4308,4354,
4362,4421,4423,4428,4498,4897,4899,4926,4929,4942,4952,4954,4955,4965,4966,4972,4981,5022,
5025,5027,5049,5053,5059,5060,5064,5067,5068,5069,5071,5072,5083,5090,5102,5104,5114,5129,
5138,5139,5140,5150,5151,5152,5153,5156,5158,5167,5172,5184,5197,5207,5208,5223,5225,5228,
5234,5239,5248,5250,5251,5260,5262,5269,5296,5303,5310,5312,5313,5315,5331,5341,5348,5356,
5378,5384,5387,5391,5397,5403,5404,5411,5416,5418,5449,5452,5468,5476,5478,5485,5490,5492,
5506,5518,5519,5520,5523,5528,5541,5543,5549,5557,5558,5561,5565,5568,5578,5605,5608,5610,
5611,5613,5627,5629,5630,5641,5643,5645,5647,5653,5654,5677,5685,5693,5710,5721,5724,5725,
5728,5738,5748,5751,5762,5776,5788,5789,5826,5836,5855,5856,5859,5866,5867,5874,5876,5884,
5888,5889,5902,5908,5917,5919,5920,5928,5933,5936,5943,5946,5948,5958,5959,5962,5969,5970,
5974,5988,6005,6020,6026,6031,6047,6051,6053,6058,6060,6064,6065,6067,6074,6075,6076,6080,
6081,6089,6097,6105,6107,6109,6115,6117,6131,6141,6158,6162,6175,6179,6184,6186,6191,6192,
6203,6211,6212,6216,6234,6240,6242,6244,6247,6248,6258,6259,6261,6263,6264,6265,6272,6285,
6291,6294,6295,6296,6298,6300,6312,6313,6315,6326,6329,6330,6331,6339,6340,6341,6346,6357,
6362,6366,6374,6381,6384,6390,6395,6396,6404,6410,6411,6416,6417,6424,6425,6427,6434,6445,
6452,6470,6480,6484,6489,6494,6497,6499,6504,6505,6506,6515,6518,6519,6523,6530,6538,6539,
6541,6547,6556,6558,6561,6564,6567,6568,6580,6587,6590,6591,6597,6598,6602,6608,6613,6615,
6628,6635,6642,6645,6669,6677,6679,6680,6683,6684,6686,6688,6695,6700,6706,6709,6711,6712,
6722,6723,6724,6726,6727,6730,6733,6806,6814,6829,6847,6852,6856,6861,6862,6867,6871,6872,
6873,6874,6879,6882,6884,6885,6886,6887,6890,6893,6894,6895,6901,6905,6912,6913,6916,6917,
6921,6925,6929,6964,6967,6985,6994,7001,7003,7009,7011,7012,7016,7022,7033,7068,7096,7105,
7109,7110,7129,7136,7142,7157,7159,7162,7167,7168,7171,7173,7174,7176,7182,7188,7196,7230,
7237,7259,7261,7268,7277,7283,7289,7291,7303,7313,7322,7330,7333,7337,7342,7348,7352,7357,
7358,7360,7362,7364,7371,7378,7379,7390,7398,7404,7411,7413,7420,7438,7445,7463,7466,7467,
7472,7475,7486,7487,7488,7489,7497,7501,7502,7510,7512,7521,7523,7524,7526,7536,7537,7554,
7570,7573,7581,7582,7583,7599,7603,7604,7606,7607,7615,7616,7617,7618,7623,7625,7629,7645,
7647,7650,7653,7662,7666,7667,7671,7674,7681,7682,7683,7684,7689,7696,7710,7722,7723,7725,
7726,7738,7740,7744,7753,7754,7756,7762,7764,7777,7778,7783,7784,7786,7795,7796,7813,7817,
7819,7827,7828,7831,7834,7835,7836,7839,7840,7847,7850,7852,7857,7858,7862,7865,7870,7873,
7875,7884,7887,7890,7895,7896,7897,7899,7904,7907,7909,7916,7917,7923,7925,7926,7927,7928,
7931,7933,7936,7941,7944,7957,7961,7963,7965,7968,7971,7972,7973,7975,7981,7985,7989,7990,
7993,7999,8000,8003,8004,8007,8012,8018,8021,8031,8045,8049,8052,8057,8073,8074,8078,8079,
8083,8093,8094,8100,8104,8106,8108,8119,8124,8127,8128,8132,8133,8134,8136,8138,8142,8164,
8167,8170,8173,8179,8182,8188,8189,8194,8196,8198,8206,8210,8216,8219,8220,8221,8223,8224,
8226,8230,8236,8245,8251,8257,8265,8273,8279,8281,8287,8301,8303,8312,8313,8319,8324,8328,
8334,8348,8354,8355,8356,8357,8360,8362,8371,8379,8381,8383,8387,8400,8405,8412,8413,8414,
8424,8427,8428,8434,8437,8443,8449,8452,8464,8466,8468,8471,8476,8477,8489,8512,8516,8518,
8522,8523,8524,8526,8539,8541,8548,8554,8557,8566,8570,8573,8578,8579,8582,8585,8593,8595,
8596,8601,8602,8606,8607,8615,8642,8651,8653,8670,8671,8674,8675,8682,8683,8687,8689,8692,
8696,8697,8710,8712,8716,8720,8728,8745,8750,8753,8757,8760,8761,8773,8780,8784,8794,8799,
8802,8810,8812,8818,8824,8836,8837,8841,8863,8873,8874,8877,8878,8884,8887,8891,8895,8901,
8902,8907,8916,8922,8937,8938,8939,8942,8947,8948,8950,8953,8963,8966,8974,8975,8978,8979,
8981,8988,8989,8992,8993,8994,8999,9010,9020,9024,9030,9033,9034,9035,9041,9042,9045,9049,
9050,9059,9061,9067,9068,9069,9070,9075,9077,9086,9088,9089,9090,9099,9102,9123,9124,9125,
9128,9129,9131,9135,9137,9138,9139,9142,9147,9149,9152,9154,9155,9162,9166,9172,9173,9174,
9176,9180,9183,9188,9189,9190,9192,9194,9197,9203,9210,9212,9214,9219,9222,9223,9226,9229,
9233,9234,9235,9238,9239,9241,9242,9243,9251,9256,9257,9261,9266,9272,9274,9276,9279,9280,
9283,9288,9289,9291,9293,9294,9297,9305,9306,9312,9317,9336,9339,9340,9345,9347,9355,9360,
9362,9363,9367,9369,9370,9387,9389,9390,9393,9395,9396,9397,9404,9408,9409,9414,9426,9433,
9435,9437,9440,9441,9442,9448,9450,9455,9457,9459,9463,9464,9466,9468,9473,9475,9483,9486,
9494,9496,9501,9503,9509,9510,9511,9514,9516,9517,9519,9521,9533,9534,9536,9540,9544,9557,
9561,9562,9566,9569,9570,9574,9575,9576,9577,9578,9580,9582,9584,9586,9591,9594,9596,9597,
9600,9602,9606,9607,9608,9615,9621,9630,9632,9636,9637,9638,9640,9643,9648,9655,9663,9675,
9677,9678,9680,9691,9699,9702,9710,9714,9718,9724,9727,9731,9733,9735,9741,9748,9752,9753,
9754,9756,9757,9758,9759,9761,9762,9769,9770,9772,9774,9777,9781,9783,9787,9788,9790,9793,
9798,9801,9803,9805,9807,9809,9814,9817,9823,9827,9828,9829,9830,9837,9839,9841,9844,9846,
9851,9852,9853,9854,9861,9870,9873,9878,9879,9880,9884,9891,9894,9902,9903,9906,9907,9911,
9917,9918,9920,9923,9925,9929,9930,9932,9933,9934,9937,9939,9943,9951,9952,9954,9955,9958,
9961,9962,9968,9971,9973,9978,9982,9988,9989,9992,9994,9998,10000,10003,10004,10006,10009,
10013,10017,10021,10024,10029,10032,10036,10037,10042,10048,10049,10050,10054,10055,10056,
10058,10061,10063,10073,10074,10078,10079,10081,10082,10088,10090,10091,10093,10094,10107,
10112,10120,10121,10123,10124,10125,10127,10135,10136,10142,10143,10148,10149,10150,10151,
10156,10160,10162,10168,10172,10173,10174,10175,10177,10178,10179,10183,10184,10189,10194,
10195,10199,10200,10205,10212,10215,10216,10219,10224,10225,10226,10228,10230,10231,10232,
10235,10236,10240,10243,10245,10247,10250,10254,10255,10259,10261,10263,10264,10268,10271,
10273,10274,10282,10287,10289,10292,10293,10294,10295,10302,10307,10311,10315,10317,10328,
10336,10339,10347,10349,10353,10355,10357,10359,10360,10362,10363,10367,10368,10373,10377,
10379,10384,10385,10386,10391,10400,10405,10406,10412,10415,10416,10417,10422,10425,10436,
10462,10487,10488,10507,10508,10512,10516,10521,10526,10529,10531,10553,10559,10563,10565,
10568,10569,10587,10590,10598,10606,10618,10619,10620,10629,10645,10647,10654,10659,10660,
10662,10665,10667,10674,10676,10683,10687,10693,10694,10696,10702,10705,10709,10713,10715,
10721,10726,10742,10744,10777,10785,10799,10800,10802,10803,10804,10811,10812,10815,10821,
10822,10823,10824,10829,10830,10831,10835,10836,10838,10840,10844,10849,10855,10856,10861,
10862,10867,10870,10871,10872,10875,10880,10881,10883,10891,10910,10911,10923,10925,10928,
10937,10950,10954,10958,10977,10979,10982,10984,10987,10988,10989,10992,10993,11001,11004,
11005,11007,11010,11012,11021,11026,11028,11036,11041,11044,11065,11079,11080,11087,11090,
11091,11099,11103,11111,11122,11124,11125,11130,11136,11140,11160,11169,11171,11176,11199,
11200,11204,11205,11208,11210,11212,11213,11214,11216,11217,11218,11219,11223,11225,11226,
11227,11230,11231,11232,11234,11239,11244,11246,11249,11252,11255,11261,11264,11269,11272,
11280,11292,11293,11295,11296,11297,11304,11309,11318,11319,11320,11321,11322,11328,11340,
11342,11344,11350,11351,11357,11369,11370,11371,11372,11379,11384,11393,11394,11400,11409,
11411,11420,11421,11423,11425,11435,11439,11441,11447,11448,11451,11455,11456,11462,11469,
11472,11476,11478,11485,11489,11491,11502,11503,11505,11510,11512,11513,11517,11519,11520,
11525,11528,11529,11531,11533,11536,11539,11546,11551,11554,11556,11562,11566,11568,11571,
11573,11574,11575,11598,11602,11604,11606,11607,11609,11614,11620,11624,11627,11636,11637,
11641,11644,11652,11654,11670,11681,11697,11698,11718,11721,11724,11730,11731,11733,11736,
11738,11739,11740,11741,11743,11752,11755,11775,11782,11789,11794,11795,11800,11801,11803,
11806,11816,11820,11827,11828,11833,11845,11846,11850,11857,11864,11867,11874,11880,11890,
11897,11901,11904,11906,11908,11912,11926,11928,11930,11936,11938,11939,11943,11944,11949,
11952,11953,11956,11963,11965,11967,11975,11977,11985,11987,11988,11992,11993,11998,11999,
12000,12002,12008,12010,12011,12017,12021,12022,12023,12024,12025,12027,12029,12030,12032,
12038,12042,12050,12052,12055,12064,12066,12073,12077,12084,12087,12088,12090,12094,12096,
12101,12115,12117,12120,12121,12122,12130,12134,12144,12155,12158,12159,12163,12165,12169,
12183,12187,12188,12191,12193,12196,12203,12212,12213,12216,12222,12234,12236,12239,12248,
12249,12250,12251,12252,12260,12263,12264,12265,12269,12279,12281,12282,12287,12291,12295,
12299,12304,12305,12306,12310,12317,12320,12322,12328,12341,12344,12346,12347,12349,12355,
12356,12360,12362,12364,12365,12377,12378,12382,12387,12388,12390,12395,12397,12405,12406,
12407,12410,12418,12419,12425,12428,12429,12432,12434,12437,12440,12446,12447,12451,12461,
12462,12467,12468,12473,12476,12478,12484,12486,12487,12488,12489,12493,12494,12506,12509,
12512,12521,12522,12523,12525,12527,12531,12532,12533,12535,12538,12551,12562,12568,12576,
12587,12588,12596,12598,12601,12605,12610,12614,12616,12631,12634,12637,12642,12643,12649,
12656,12657,12662,12663,12666,12672,12677,12678,12681,12685,12697,12699,12705,12706,12710,
12718,12719,12727,12729,12733,12740,12741,12742,12747,12749,12753,12756,12758,12759,12763,
12769,12773,12780,12787,12790,12800,12801,12804,12814,12815,12819,12826,12828,12830,12834,
12839,12850,12852,12856,12859,12868,12869,12873,12874,12880,12882,12883,12885,12889,12890,
12903,12911,12924,12925,12929,12935,12936,12939,12942,12953,12968,12969,12973,12975,12976,
12978,12979,12981,12983,12997,12998,12999,13004,13009,13017,13025,13029,13033,13036,13037,
13040,13046,13051,13054,13056,13057,13059,13065,13066,13070,13071,13072,13077,13079,13086,
13094,13096,13097,13104,13111,13112,13115,13119,13125,13126,13127,13128,13130,13134,13148,
13152,13167,13174,13181,13184,13187,13191,13199,13216,13244,13246,13253,13254,13256,13267,
13269,13271,13277,13278,13282,13283,13289,13292,13294,13295,13301,13303,13305,13316,13317,
13318,13320,13326,13338,13342,13344,13349,13350,13356,13368,13377,13379,13396,13398,13406,
13413,13414,13415,13419,13428,13431,13432,13433,13439,13440,13445,13455,13460,13466,13467,
13472,13473,13479,13483,13486,13487,13498,13504,13508,13509,13512,13522,13531,13536,13548,
13550,13551,13554,13555,13558,13559,13563,13571,13572,13580,13581,13584,13587,13589,13597,
13602,13603,13607,13608,13611,13613,13614,13615,13619,13622,13626,13631,13639,13640,13649,
13650,13655,13656,13657,13660,13662,13672,13675,13677,13683,13685,13692,13696,13698,13699,
13701,13718,13720,13724,13734,13740,13741,13742,13743,13749,13763,13769,13770,13777,13778,
13786,13788,13793,13794,13798,13801,13804,13808,13818,13827,13837,13862,13864,13867,13869,
13880,13890,13894,13897,13898,13907,13908,13916,13917,13925,13935,13936,13941,13942,13952,
13964,13965,13972,13973,13975,13995,13999,14007,14015,14016,14021,14024,14033,14039,14044,
14045,14051,14061,14067,14077,14078,14079,14083,14086,14087,14088,14089,14092,14106,14113,
14115,14120,14125,14126,14127,14129,14132,14137,14148,14149,14150,14157,14158,14164,14170,
14171,14174,14176,14185,14186,14192,14193,14195,14201,14202,14205,14206,14207,14212,14222,
14225,14226,14230,14238,14239,14241,14242,14246,14248,14251,14253,14254,14255,14257,14271,
14276,14278,14280,14281,14282,14285,14287,14292,14293,14301,14302,14303,14304,14305,14307,
14308,14311,14314,14329,14330,14331,14347,14348,14350,14355,14363,14373,14375,14378,14379,
14380,14383,14387,14389,14390,14400,14403,14404,14406,14407,14410,14411,14412,14413,14414,
14420,14422,14430,14433,14439,14442,14447,14453,14456,14461,14462,14464,14466,14467,14472,
14478,14479,14481,14483,14486,14497,14501,14504,14505,14508,14509,14518,14520,14521,14533,
14534,14538,14542,14550,14557,14558,14559,14561,14563,14565,14568,14569,14578,14580,14582,
14598,14602,14611,14612,14614,14620,14622,14623,14625,14632,14634,14640,14643,14650,14655,
14666,14668,14674,14677,14679,14680,14696,14700,14703,14711,14713,14717,14720,14722,14728,
14730,14745,14746,14751,14760,14766,14767,14771,14774,14777,14781,14791,14797,14799,14802,
14804,14807,14812,14815,14817,14823,14830,14833,14837,14840,14846,14850,14859,14860,14865,
14870,14878,14879,14880,14882,14886,14888,14894,14904,14917,14926,14931,14938,14939,14942,
14947,14948,14952,14959,14961,14965,14971,14972,14975,14988,15002,15003,15006,15013,15018,
15028,15041,15045,15047,15050,15057,15061,15063,15065,15074,15083,15087,15097,15098,15099,
15102,15107,15109,15110,15129,15133,15135,15144,15145,15153,15155,15162,15166,15173,15178,
15182,15184,15188,15189,15190,15191,15209,15211,15212,15228,15237,15238,15245,15260,15261,
15264,15266,15267,15272,15273,15280,15289,15299,15302,15310,15313,15315,15316,15323,15327,
15337,15347,15349,15351,15354,15358,15362,15371,15375,15377,15379,15404,15408,15412,15416,
15417,15419,15423,15427,15428,15436,15438,15439,15451,15453,15455,15458,15462,15466,15471,
15472,15473,15476,15477,15482,15486,15488,15493,15497,15498,15500,15502,15516,15517,15518,
15519,15524,15525,15530,15534,15536,15538,15539,15556,15557,15561,15562,15566,15567,15574,
15579,15581,15590,15593,15594,15595,15598,15602,15606,15612,15630,15639,15646,15648,15651,
15659,15662,15672,15673,15674,15691,15692,15693,15698,15705,15710,15718,15725,15732,15734,
15735,15741,15742,15750,15762,15768,15774,15775,15776,15777,15783,15785,15786,15787,15788,
15793,15804,15807,15809,15811,15812,15818,15824,15830,15838,15849,15853,15854,15857,15863,
15866,15870,15872,15876,15879,15882,15884,15885,15886,15887,15908,15911,15927,15936,15938,
15939,15940,15944,15945,15947,15948,15949,15955,15959,15962,15969,15971,15972,15975,15978,
15983,15994,16001,16017,16021,16030,16035,16037,16043,16047,16049,16058,16065,16069,16070,
16071,16072,16076,16077,16079,16083,16085,16090,16096,16097,16098,16099,16105,16114,16118,
16122,16127,16131,16138,16140,16143,16147,16150,16154,16161,16162,16164,16178,16180,16181,
16183,16189,16192,16195,16196,16199,16200,16201,16202,16203,16204,16206,16214,16220,16223,
16224,16225,16226,16229,16234,16237,16245,16254,16260,16267,16268,16272,16279,16285,16294,
16295,16300,16311,16318,16319,16324,16325,16327,16332,16339,16343,16344,16347,16348,16349,
16354,16382,16385,16386,16388,16394,16395,16408,16409,16412,16427,16439,16441,16450,16453,
16454,16456,16457,16461,16465,16469,16477,16484,16489,16498,16500,16509,16517,16519,16521,
16532,16534,16535,16540,16547,16559,16569,16585,16586,16590,16593,16595,16604,16609,16611,
16623,16631,16633,16636,16639,16658,16668,16669,16671,16678,16694,16717,16728,16735,16743,
16747,16761,16773,16779,16781,16782,16793,16807,16808,16810,16826,16831,16832,16848,16849,
16853,16867,16868,16876,16877,16890,16896,16905,16908,16912,16914,16915,16916,16917,16921,
16922,16923,16926,16928,16929,16930,16947,16978,16981,16982,16989,16996,16999,17019,17025,
17031,17047,17055,17056,17077,17096,17101,17104,17107,17114,17115,17119,17134,17143,17144,
17147,17150,17157,17198,17200,17204,17239,17250,17284,17295,17305,17306,17307,17326,17348,
17365,17379,17396,17398,17414,17420,17508,17525,17533,17547,17553,17580,17581,17592,17613,
17674,17683,17710,17754,17755,17779,17823,17825,17830,17834,17836,17837,17838,17841,17842,
17843,17844,17845,17853,17857,17859,17863,17865,17869,17870,17872,17873,17884,17888,17913,
17918,17932,17933,17935,17943,17945,17948,17953,17955,17957,17960,17965,17966,17977,17981,
17986,17990,17992,18001,18006,18019,18023,18041,18080,18102,18245,18270,18274,18292,18306,
18307,18314,18317,18319,18326,18331,18334,18335,18337,18338,18353,18356,18357,18360,18362,
18369,18370,18384,18409,18410,18413,18416,18418,18421,18424,18427,18430,18431,18434,18437,
18442,18449,18450,18458,18459,18466,18467,18473,18475,18478,18479,18481,18482,18487,18489,
18502,18503,18504,18505,18508,18509,18515,18516,18517,18521,18523,18525,18526,18527,18528,
18529,18533,18536,18539,18545,18567,18575,18592,18598,18600,18611,18619,18620,18621,18648,
18652,18653,18654,18655,18656,18657,18665,18675,18699,18708,18717,18719,18729,18742,18756,
18766,18768,18769,18774,18776,18783,18792,18800,18801,18802,18811,18815,18825,18828,18832,
18848,18855,18856,18870,18880,18883,18888,18890,18900,18903,18906,18912,18920,18921,18934,
18941,18942,18943,18971,18974,18977,18981,18983,18998,19005,19006,19007,19010,19014,19015,
19016,19017,19021,19022,19026,19033,19043,19044,19051,19052,19054,19056,19057,19058,19062,
19064,19065,19067,19068,19071,19073,19074,19077,19079,19081,19094,19096,19097,19106,19112,
19115,19131,19132,19142,19144,19145,19146,19157,19169,19175,19179,19180,19181,19183,19187,
19199,19229,19236,19251,19269,19298,19299,19333,19342,19361,19362,19370,19376,19387,19408,
19412,19422,19428,19430,19431,19433,19434,19435,19439,19446,19454,19460,19467,19476,19479,
19487,19495,19498,19521,19562,19563,19576,19582,19591,19602,19618,19620,19634,19639,19650,
19660,19661,19663,19674,19675,19680,19685,19686,19690,19692,19694,19721,19731,19763,19764,
19775,19776,19786,19795,19797,19809,19822,19823,19826,19841,19845,19848,19851,19852,19857,
19858,19868,19870,19872,19873,19874,19877,19900,19901,19913,19918,19920,19926,19935,19939,
19953,19955,19962,19975,19984,19989,19991,19992,19996,20008,20012,20021,20029,20033,20034,
20047,20051,20059,20061,20066,20067,20076,20077,20080,20081,20082,20083,20086,20091,20098,
20101,20111,20115,20118,20122,20129,20131,20135,20136,20137,20138,20140,20143,20145,20152,
20157,20163,20170,20173,20175,20184,20188,20193,20196,20198,20203,20212,20213,20215,20220,
20231,20244,20254,20255,20256,20259,20263,20267,20268,20270,20275,20276,20282,20284,20289,
20293,20296,20297,20298,20299,20300,20301,20304,20307,20308,20309,20315,20316,20319,20328,
20329,20330,20333,20345,20352,20373,20375,20398,20412,20413,20422,20427,20432,20446,20447,
20462,20468,20469,20477,20488,20517,20518,20538,20539,20540,20542,20549,20557,20562,20570,
20576,20578,20579,20585,20597,20599,20600,20608,20609,20621,20624,20629,20630,20631,20634,
20644,20645,20647,20656,20659,20668,20676,20685,20699,20704,20706,20713,20714,20716,20721,
20725,20729,20734,20738,20739,20740,20748,20758,20772,20773,20789,20801,20802,20804,20810,
20818,20820,20845,20847,20857,20863,20864,20876,20885,20893,20894,20903,20907,20910,20911,
20913,20937,20951,20969,20981,20986,20987,20988,21007,21014,21032,21041,21053,21065,21082,
21087,21088,21101,21104,21120,21126,21134,21136,21154,21157,21160,21163,21173,21203,21220,
21223,21225,21240,21251,21253,21255,21273,21274,21285,21308,21315,21319,21324,21325,21328,
21330,21338,21339,21344,21347,21354,21368,21377,21390,21391,21396,21405,21412,21428,21434,
21439,21443,21451,21461,21481,21490,21494,21496,21505,21511,21525,21530,21533,21537,21543,
21552,21570,21575,21581,21595,21606,21610,21612,21614,21627,21636,21655,21659,21665,21680,
21683,21688,21689,21706,21727,21743,21749,21765,21766,21770,21784,21785,21796,21801,21803,
21806,21816,21850,21859,21863,21870,21887,21895,21914,21918,21919,21922,21930,21939,21941,
21947,21991,21993,22015,22018,22019,22038,22041,22043,22044,22048,22072,22073,22082,22088,
22090,22102,22109,22113,22114,22116,22132,22136,22172,22173,22178,22179,22186,22196,22197,
22204,22220,22227,22228,22233,22251,22254,22255,22256,22257,22274,22284,22288,22304,22306,
22310,22350,22351,22355,22357,22358,22363,22364,22365,22369,22370,22376,22377,22379,22381,
22382,22392,22400,22403,22419,22420,22430,22503,22517,22528,22533,22541,22559,22566,22572,
22593,22599,22600,22602,22603,22613,22614,22622,22630,22636,22637,22658,22662,22668,22670,
22673,22679,22681,22684,22689,22692,22695,22696,22699,22701,22705,22707,22710,22716,22718,
22721,22722,22725,22731,22732,22734,22736,22737,22739,22744,22748,22750,22761,22762,22763,
22766,22769,22770,22772,22774,22784,22788,22789,22790,22791,22795,22796,22798,22799,22800,
22801,22802,22804,22810,22817,22821,22827,22828,22829,22830,22833,22834,22835,22839,22842,
22844,22849,22851,22859,22862,22865,22866,22874,22878,22879,22882,22888,22891,22893,22896,
22897,22903,22910,22911,22912,22915,22918,22919,22920,22923,22932,22933,22936,22940,22943,
22946,22952,22953,22955,22959,22960,22961,22969,22970,22971,22978,22980,22981,22984,22985,
22987,22989,22990,22995,22999,23001,23002,23003,23004,23006,23010,23013,23020,23022,23023,
23026,23029,23032,23033,23034,23043,23046,23047,23048,23050,23057,23064,23068,23070,23071,
23073,23074,23075,23076,23079,23080,23090,23102,23104,23111,23116,23127,23131,23139,23152,
23158,23175,23182,23225,23230,23233,23240,23247,23250,23251,23252,23257,23260,23266,23271,
23273,23281,23282,23291,23292,23297,23304,23325,23326,23331,23347,23354,23365,23384,23392,
23399,23408,23409,23410,23411,23412,23414,23416,23417,23421,23424,23425,23426,23427,23431,
23433,23434,23438,23439,23440,23444,23451,23455,23456,23465,23467,23468,23469,23473,23475,
23477,23479,23483,23484,23486,23492,23510,23515,23522,23524,23525,23529,23532,23535,23537,
23541,23543,23544,23545,23549,23550,23552,23554,23556,23559,23565,23570,23573,23578,23585,
23590,23594,23599,23607,23608,23610,23611,23614,23620,23624,23626,23628,23629,23632,23641,
23644,23645,23652,23658,23661,23669,23671,23676,23678,23679,23686,23692,23695,23702,23705,
23713,23714,23730,23731,23743,23751,23761,23763,23767,23768,23769,23775,23783,23784,23789,
23801,23806,23807,23832,23839,23840,23848,23862,23872,23886,23899,23902,23903,23905,23909,
23915,23919,23938,23944,23945,23951,23956,23965,23967,23969,23979,23998,24002,24006,24007,
24009,24018,24022,24028,24036,24039,24051,24052,24059,24060,24065,24067,24079,24080,24084,
24090,24093,24094,24095,24099,24101,24108,24123,24132,24134,24159,24262,24263,24267,24268,
24283,24295,24308,24322,24330,24342,24348,24351,24361,24363,24381,24396,24400,24418,24421,
24424,24441,24465,24482,24483,24485,24492,24493,24500,24502,24505,24508,24512,24513,24525,
24526,24533,24536,24576,24587,24589,24596,24600,24604,24609,24618,24624,24626,24635,24642,
24654,24658,24662,24664,24668,24678,24691,24698,24706,24707,24714,24718,24720,24721,24730,
24736,24745,24754,24766,24776,24777,24783,24784,24788,24795,24798,24813,24816,24821,24822,
24826,24827,24829,24833,24834,24837,24841,24848,24849,24853,24855,24856,24859,24860,24861,
24870,24872,24877,24886,24887,24893,24903,24905,24906,24907,24910,24914,24916,24921,24922,
24923,24927,24931,24936,24937,24942,24944,24945,24947,24951,24955,24959,24961,24963,24965,
24968,24971,24977,24979,24981,24983,24984,24991,24993,24994,24996,24998,25002,25005,25011,
25012,25015,25021,25024,25033,25034,25035,25044,25045,25047,25049,25051,25054,25057,25062,
25068,25069,25070,25074,25081,25088,25089,25095,25098,25099,25102,25103,25109,25111,25112,
25117,25124,25126,25133,25134,25136,25138,25142,25146,25157,25160,25169,25170,25171,25174,
25176,25179,25183,25188,25190,25196,25197,25198,25201,25204,25206,25209,25211,25216,25220,
25222,25223,25229,25233,25240,25252,25253,25257,25260,25264,25265,25266,25271,25277,25281,
25289,25295,25297,25301,25303,25305,25307,25309,25312,25317,25320,25331,25334,25338,25342,
25348,25352,25357,25361,25369,25371,25373,25383,25384,25386,25390,25392,25399,25403,25406,
25408,25409,25418,25423,25427,25433,25436,25451,25452,25463,25464,25468,25469,25471,25477,
25478,25487,25491,25499,25505,25507,25508,25514,25517,25520,25527,25536,25543,25547,25549,
25552,25558,25560,25564,25572,25577,25581,25583,25584,25585,25594,25595,25600,25601,25602,
25612,25623,25631,25632,25633,25637,25638,25642,25648,25653,25655,25673,25674,25675,25678,
25679,25680,25681,25690,25700,25705,25710,25711,25712,25713,25714,25718,25719,25720,25725,
25726,25728,25729,25737,25738,25739,25746,25747,25751,25754,25762,25767,25775,25777,25784,
25785,25786,25788,25791,25799,25804,25805,25806,25807,25819,25821,25823,25825,25829,25832,
25833,25834,25841,25848,25853,25855,25860,25867,25870,25872,25875,25876,25884,25885,25887,
25894,25898,25901,25904,25909,25913,25917,25923,25925,25926,25927,25929,25935,25937,25938,
25941,25943,25947,25949,25950,25952,25953,25956,25960,25961,25962,25963,25968,25971,25975,
25976,25977,25981,25982,25986,25988,25994,25996,25999,26001,26005,26008,26010,26012,26017,
26018,26029,26036,26038,26040,26042,26044,26046,26049,26052,26070,26071,26078,26079,26081,
26082,26085,26086,26090,26091,26094,26095,26098,26102,26104,26105,26109,26114,26117,26119,
26120,26126,26131,26133,26137,26141,26142,26149,26151,26154,26155,26160,26163,26166,26168,
26171,26173,26174,26184,26185,26196,26200,26203,26219,26224,26231,26236,26237,26238,26241,
26243,26245,26249,26254,26256,26262,26263,26268,26276,26277,26279,26281,26282,26283,26285,
26286,26287,26293,26294,26302,26307,26309,26316,26319,26323,26325,26327,26330,26336,26343,
26345,26350,26358,26359,26360,26374,26377,26381,26384,26389,26392,26393,26396,26400,26401,
26404,26405,26407,26409,26417,26419,26420,26421,26422,26426,26433,26434,26435,26444,26445,
26456,26457,26462,26465,26467,26470,26479,26483,26488,26498,26500,26504,26509,26514,26521,
26522,26524,26527,26530,26532,26535,26537,26540,26544,26553,26554,26558,26561,26564,26566,
26570,26571,26572,26575,26579,26581,26585,26588,26599,26600,26603,26605,26610,26613,26616,
26627,26635,26640,26643,26655,26658,26664,26666,26676,26679,26684,26690,26691,26695,26701,
26709,26710,26712,26713,26719,26720,26725,26726,26731,26742,26743,26753,26756,26758,26763,
26765,26767,26779,26784,26785,26786,26801,26802,26819,26823,26829,26837,26839,26845,26847,
26850,26854,26860,26863,26869,26872,26873,26894,26898,26901,26902,26904,26910,26917,26923,
26924,26926,26931,26942,26943,26944,26948,26949,26950,26951,26954,26957,26960,26965,26970,
26971,26978,26979,26981,26989,26992,26993,26999,27001,27007,27009,27011,27013,27019,27023,
27026,27027,27032,27033,27037,27039,27040,27041,27043,27044,27049,27051,27072,27074,27075,
27077,27084,27093,27094,27098,27104,27105,27111,27119,27129,27134,27136,27146,27150,27154,
27157,27163,27170,27176,27177,27178,27180,27188,27189,27191,27192,27199,27205,27206,27218,
27229,27231,27238,27239,27247,27251,27255,27260,27262,27264,27270,27271,27272,27277,27278,
27281,27283,27287,27297,27299,27303,27318,27323,27324,27332,27335,27343,27345,27348,27357,
27365,27366,27368,27369,27379,27380,27384,27385,27399,27400,27402,27403,27405,27408,27443,
27444,27447,27448,27450,27461,27466,27469,27473,27480,27481,27488,27490,27491,27497,27500,
27504,27515,27520,27541,27544,27545,27557,27566,27573,27587,27589,27644,27647,27671,27674,
27675,27680,27682,27686,27688,27695,27696,27703,27709,27713,27736,27753,27755,27778,27780,
27788,27790,27793,27794,27795,27797,27817,27820,27821,27825,27826,27827,27830,27833,27839,
27846,27862,27865,27867,27868,27875,27888,27893,27894,27895,27906,27907,27908,27913,27921,
27928,27945,27953,27975,27989,27997,28001,28002,28006,28012,28050,28058,28061,28064,28073,
28083,28086,28095,28126,28142,28198,28199,28213,28234,28242,28260,28275,28279,28291,28329,
28331,28335,28336,28347,28351,28352,28355,28359,28367,28369,28392,28394,28397,28403,28410,
28438,28441,28442,28448,28455,28456,28458,28468,28490,28493,28497,28518,28529,28553,28557,
28558,28581,28582,28585,28722,28734,28770,28787,28795,28797,28808,28828,28837,28849,28890,
28940,28943,29028,29031,29033,29035,29126,29132,29134,29135,29136,29138,29139,29142,29149,
29154,29165,29167,29171,29172,29173,29175,29179,29181,29184,29185,29188,29191,29192,29194,
29196,29197,29200,29201,29202,29204,29215,29234,29284,29288,29293,29297,29298,29315,29320,
29322,29325,29326,29357,29363,29365,29403,29405,29406,29407,29411,29413,29424,29449,29450,
29452,29454,29515,29520,29521,29524,29545,29562,29602,29612,29613,29615,29616,29636,29637,
29656,29657,29660,29723,29725,29728,29729,29764,29769,29802,29829,29830,29834,29869,29870,
29871,29890,29891,29895,30015,30016,30054,30056,30058,30059,30070,30073,30074,30076,30087,
30090,30148,30166,30186,30188,30189,30191,30192,30195,30196,30215,30218,30219,30221,30319,
30321,30322,30324,30339,30358,30362,30497,30499,30502,30507,30565,30620,30636,30645,30716,
30744,30745,30746,30754,30755,30759,30771,30780,30811,30845,30874,30959,31011,31034,31097,
31099,31101,31121,31129,31138,31140,31147,31150,31196,31218,31272,31273,31335,31336,31349,
31351,31355,31365,31406,31422,31477,31511,31559,31564,31573,31750,31751,31753,31767,31768,
31771,31774,31794,31912,31934,31942,31943,31981,31985,31987,31989,32007,32088,32148,32150,
32171,32206,32249,32250,32315,32316,32323,32371,32372,32373,32374,32407,32680,32703,32718,
32722,32724,32729,32731,32735,32736,32859,33083,33085,33143,33203,33311,33312,33320,33321,
33323,33324,33341,33403,33455,33498,33532,33654,33666,33705,33710,33830,33955,33983,33985,
34017,34019,34022,34024,34026,34149,34150,34152,34156,34212,34514,34516,34657,34705,34706,
34722,34724,34733,34790,34829,34836,34943,34948,35090,35159,35161,35176,35179,35209,35214,
35228,35233,35311,35422,35423,35427,35532,35601,35609,35615,35688,35691,35708,35743,35749,
35847,35884,35886,35967,35968,35987,36141,36229,36244,36245,36318,36324,36399,36401,36414,
36481,36602,36670,36696,36699,36939,37035,37379,37383,37418,37422,37523,37631,37632,37698,
37857,38136,38140,38159,38160,38195,38288,38294,38492,38584,38756,38757,38758,38767,38771,
38773,38775,38776,38778,38779,38982,38984,38986,39090,39143,39146,39487,39655,39656,39721,
39913,40000,40016,40060,40121,40268,40269,40270,40277,40311,40337,40353,40443,40588,40589,
40631,40634,40635,40636,40637,40682,40697,40698,40796,40892,40944,40965,40968,41056,41209,
41230,41233,41286,41365,41457,41593,41615,41656,41657,41693,41863,42028,42071,42114,42178,
42320,42419,42422,42566,42604,42916,42936,42943,43028,43118,43119,43155,43217,43297,43328,
43393,43563,43570,43642,43747,43752,43754,43825,43941,44186,44189,44228,44269,44359,44599,
44722,44766,44767,45036,45082,45363,45437,45452,45649,45666,45677,45838,45843,45972,46087,
46235,46260,46329,46366,46376,46446,46453,46464,46631,46635,46695,46781,46967,46970,47096,
47158,47266,47269,47491,47492,47535,47536,47631,47751,47851,47966,48050,48054,48059,48061,
48218,48276,48306,48358,48385,48396,48465,48473,48544,48641,48728,48735,48984,49024,49109,
49110,49121,49141,49148,49150,49174,49178,49213,49253,49254,49310,49314,49389,49398,49418,
49459,49514,49631,49657,49817,49821,49849,49945,49974,49998,49999,50006,50152,50153,50195,
50199,50218,50225,50243,50247,50253,50305,50388,50389,50401,50407,50456,50461,50487,50538,
50541,50542,50579,50613,50617,50627,50653,50657,50660,50662,50669,50691,50710,50747,50749,
50767,50795,50903,50905,51704,53123,53246,53247,55963,55966,55986,56128,56656,57377,57378,
58030,58032,58053,59346,59366,59380,59667,59824,60385,60967,61859,61861,61885,61887,61998,
62195,62519,63711,64315,65051,65948,66271,66694,66847
END_

! ----------------------------------------------------------------
!
! Design Response: Stiffness_Measure
!
DRESP
  ID_NAME = Stiffness_Measure
  LIST = NO_LIST
  DEF_TYPE = SYSTEM
  EL_GROUP = ALL_ELEMENTS
  TYPE = ENERGY_STIFF_MEASURE
  GROUP_OPER = SUM
  LC_SEL = SUM 
  LC_SET = STATIC, ALL, ALL, MAX
END_

! ----------------------------------------------------------------
!
! Design Response: Mass_DResp_1
!
DRESP
  ID_NAME = Mass_DResp_1
  LIST = NO_LIST
  DEF_TYPE = SYSTEM
  EL_GROUP = ALL_ELEMENTS
  TYPE = WEIGHT
  GROUP_OPER = SUM
END_

! ----------------------------------------------------------------
!
! Design Response: Stress_DResp_1
!
DRESP
  ID_NAME = Stress_DResp_1
  LIST = NO_LIST
  DEF_TYPE = SYSTEM
  EL_GROUP = ALL_ELEMENTS
  TYPE = SIG_TOPO_MISES
  GROUP_OPER = MAX
  LC_SET = STATIC, 1, ALL, MAX
END_

! ----------------------------------------------------------------
!
!
! Design Area: Task1_DESIGN_AREA
!
DV_TOPO
  ID_NAME = Task1_DESIGN_AREA
  EL_GROUP = ALL_ELEMENTS
END_

! ----------------------------------------------------------------
!
! Objective Function: StiffnessEnergy_Obj_Func
!
OBJ_FUNC
  ID_NAME = StiffnessEnergy_Obj_Func
  DRESP = Stiffness_Measure, 1.0
  TARGET = MIN
END_

! ----------------------------------------------------------------
!
! Constraint: Mass_Constraint_1
!
CONSTRAINT
  ID_NAME = Mass_Constraint_1
  DRESP = Mass_DResp_1
  MAGNITUDE = REL
  LE_VALUE = 0.45
END_

! ----------------------------------------------------------------
!
! Constraint: Stress_Constraint_FOS_2
!
CONSTRAINT
  ID_NAME = Stress_Constraint_FOS_2
  DRESP = Stress_DResp_1
  MAGNITUDE = ABS
  LE_VALUE = 3.67657e+07
END_

! ----------------------------------------------------------------
!
! Geometric Restriction: Frozen_ManufacConstraint_3
!
DVCON_TOPO
  ID_NAME = Frozen_ManufacConstraint_3
  EL_GROUP = FROZEN_AREA_ELEMS_GRP_1
  CHECK_TYPE = FROZEN
END_

! ----------------------------------------------------------------
!
!
! Optimize: OPTIMIZE_1_TOPOLOGY_OPTIMIZATION_CONTROLLER 
!
OPTIMIZE
  ID_NAME = OPTIMIZE_1_TOPOLOGY_OPTIMIZATION_SENSITIVITY
  DV = Task1_DESIGN_AREA
  OBJ_FUNC = StiffnessEnergy_Obj_Func
  DVCON = Frozen_ManufacConstraint_3
  CONSTRAINT = Mass_Constraint_1
  CONSTRAINT = Stress_Constraint_FOS_2
  STRATEGY = TOPO_SENSITIVITY
END_

OPT_PARAM
  ID_NAME = OPTIMIZE_1_TOPOLOGY_OPTIMIZATION_SENSITIVITY_OPT_PARAM_
  OPTIMIZE = OPTIMIZE_1_TOPOLOGY_OPTIMIZATION_SENSITIVITY
  DV_UPDATE_STRATEGY = CSA
  STABILIZATION = YES
  AUTO_FROZEN = BOTH
  AUTO_FROZEN_CON = BOTH
  STOP_CRITERION_LEVEL = BOTH
  STOP_CRITERION_OBJ = 0.001
  STOP_CRITERION_DENSITY = 0.005
END_

STOP
  ID_NAME = Task-1_GLOBAL_STOP_CONDITION_
  ITER_MAX = 75
END_

