# Joukowski Blunt TE (Cut at X=0.61)
# Group Point X Y Z
1 1      0.610000      0.002449      0.000000
1 2      0.601178      0.003944      0.000000
1 3      0.588799      0.006079      0.000000
1 4      0.574030      0.008661      0.000000
1 5      0.556975      0.011665      0.000000
1 6      0.537747      0.015062      0.000000
1 7      0.516461      0.018817      0.000000
1 8      0.493238      0.022887      0.000000
1 9      0.468201      0.027226      0.000000
1 10      0.441477      0.031782      0.000000
1 11      0.413194      0.036502      0.000000
1 12      0.383479      0.041330      0.000000
1 13      0.352463      0.046209      0.000000
1 14      0.320276      0.051080      0.000000
1 15      0.287047      0.055887      0.000000
1 16      0.252906      0.060573      0.000000
1 17      0.217983      0.065084      0.000000
1 18      0.182405      0.069367      0.000000
1 19      0.146300      0.073373      0.000000
1 20      0.109794      0.077057      0.000000
1 21      0.073011      0.080376      0.000000
1 22      0.036076      0.083293      0.000000
1 23     -0.000890      0.085775      0.000000
1 24     -0.037766      0.087793      0.000000
1 25     -0.074435      0.089323      0.000000
1 26     -0.110780      0.090349      0.000000
1 27     -0.146686      0.090856      0.000000
1 28     -0.182041      0.090837      0.000000
1 29     -0.216735      0.090290      0.000000
1 30     -0.250661      0.089218      0.000000
1 31     -0.283713      0.087629      0.000000
1 32     -0.315790      0.085536      0.000000
1 33     -0.346792      0.082957      0.000000
1 34     -0.376623      0.079915      0.000000
1 35     -0.405189      0.076437      0.000000
1 36     -0.432402      0.072556      0.000000
1 37     -0.458173      0.068305      0.000000
1 38     -0.482421      0.063725      0.000000
1 39     -0.505065      0.058858      0.000000
1 40     -0.526031      0.053748      0.000000
1 41     -0.545246      0.048444      0.000000
1 42     -0.562644      0.042994      0.000000
1 43     -0.578162      0.037451      0.000000
1 44     -0.591739      0.031866      0.000000
1 45     -0.603322      0.026292      0.000000
1 46     -0.612861      0.020782      0.000000
1 47     -0.620311      0.015388      0.000000
1 48     -0.625631      0.010162      0.000000
1 49     -0.628786      0.005153      0.000000
1 50     -0.629747      0.000410      0.000000
1 51     -0.628489     -0.004024      0.000000
1 52     -0.624993     -0.008106      0.000000
1 53     -0.619245     -0.011798      0.000000
1 54     -0.611239     -0.015067      0.000000
1 55     -0.600973     -0.017884      0.000000
1 56     -0.588454     -0.020227      0.000000
1 57     -0.573695     -0.022078      0.000000
1 58     -0.556716     -0.023426      0.000000
1 59     -0.537544     -0.024266      0.000000
1 60     -0.516216     -0.024601      0.000000
1 61     -0.492777     -0.024441      0.000000
1 62     -0.467280     -0.023801      0.000000
1 63     -0.439789     -0.022707      0.000000
1 64     -0.410376     -0.021189      0.000000
1 65     -0.379127     -0.019284      0.000000
1 66     -0.346136     -0.017037      0.000000
1 67     -0.311509     -0.014498      0.000000
1 68     -0.275364     -0.011722      0.000000
1 69     -0.237831     -0.008768      0.000000
1 70     -0.199053     -0.005699      0.000000
1 71     -0.159182     -0.002579      0.000000
1 72     -0.118385      0.000527      0.000000
1 73     -0.076840      0.003553      0.000000
1 74     -0.034733      0.006437      0.000000
1 75      0.007738      0.009120      0.000000
1 76      0.050366      0.011547      0.000000
1 77      0.092937      0.013670      0.000000
1 78      0.135232      0.015450      0.000000
1 79      0.177028      0.016856      0.000000
1 80      0.218100      0.017865      0.000000
1 81      0.258224      0.018468      0.000000
1 82      0.297179      0.018664      0.000000
1 83      0.334747      0.018465      0.000000
1 84      0.370722      0.017893      0.000000
1 85      0.404904      0.016981      0.000000
1 86      0.437108      0.015770      0.000000
1 87      0.467161      0.014312      0.000000
1 88      0.494910      0.012663      0.000000
1 89      0.520215      0.010887      0.000000
1 90      0.542957      0.009051      0.000000
1 91      0.563036      0.007223      0.000000
1 92      0.580373      0.005471      0.000000
1 93      0.594907      0.003864      0.000000
1 94      0.606598      0.002465      0.000000
1 95      0.610000      0.002029      0.000000